7.900000000000000000e+01
1.290000000000000000e+02
8.500000000000000000e+01
1.430000000000000000e+02
8.900000000000000000e+01
1.570000000000000000e+02
9.500000000000000000e+01
1.670000000000000000e+02
1.030000000000000000e+02
1.790000000000000000e+02
1.110000000000000000e+02
1.890000000000000000e+02
1.210000000000000000e+02
1.950000000000000000e+02
1.310000000000000000e+02
1.990000000000000000e+02
1.490000000000000000e+02
1.990000000000000000e+02
1.670000000000000000e+02
1.910000000000000000e+02
1.790000000000000000e+02
1.790000000000000000e+02
1.890000000000000000e+02
1.690000000000000000e+02
1.950000000000000000e+02
1.550000000000000000e+02
1.950000000000000000e+02
1.390000000000000000e+02
1.930000000000000000e+02
1.250000000000000000e+02
1.910000000000000000e+02
1.090000000000000000e+02
1.890000000000000000e+02
9.300000000000000000e+01
8.300000000000000000e+01
1.170000000000000000e+02
8.700000000000000000e+01
1.110000000000000000e+02
9.300000000000000000e+01
1.070000000000000000e+02
1.010000000000000000e+02
1.050000000000000000e+02
1.070000000000000000e+02
1.030000000000000000e+02
1.330000000000000000e+02
9.700000000000000000e+01
1.390000000000000000e+02
9.300000000000000000e+01
1.450000000000000000e+02
8.900000000000000000e+01
1.550000000000000000e+02
8.900000000000000000e+01
1.630000000000000000e+02
9.100000000000000000e+01
1.270000000000000000e+02
1.210000000000000000e+02
1.290000000000000000e+02
1.310000000000000000e+02
1.310000000000000000e+02
1.430000000000000000e+02
1.330000000000000000e+02
1.510000000000000000e+02
1.290000000000000000e+02
1.550000000000000000e+02
1.310000000000000000e+02
1.550000000000000000e+02
1.370000000000000000e+02
1.550000000000000000e+02
1.410000000000000000e+02
1.530000000000000000e+02
1.450000000000000000e+02
1.510000000000000000e+02
9.700000000000000000e+01
1.270000000000000000e+02
1.010000000000000000e+02
1.230000000000000000e+02
1.070000000000000000e+02
1.210000000000000000e+02
1.130000000000000000e+02
1.210000000000000000e+02
1.090000000000000000e+02
1.250000000000000000e+02
1.030000000000000000e+02
1.270000000000000000e+02
1.390000000000000000e+02
1.130000000000000000e+02
1.450000000000000000e+02
1.090000000000000000e+02
1.510000000000000000e+02
1.070000000000000000e+02
1.570000000000000000e+02
1.070000000000000000e+02
1.510000000000000000e+02
1.110000000000000000e+02
1.450000000000000000e+02
1.150000000000000000e+02
1.230000000000000000e+02
1.710000000000000000e+02
1.270000000000000000e+02
1.690000000000000000e+02
1.350000000000000000e+02
1.650000000000000000e+02
1.390000000000000000e+02
1.650000000000000000e+02
1.430000000000000000e+02
1.630000000000000000e+02
1.510000000000000000e+02
1.630000000000000000e+02
1.590000000000000000e+02
1.630000000000000000e+02
1.530000000000000000e+02
1.670000000000000000e+02
1.470000000000000000e+02
1.710000000000000000e+02
1.410000000000000000e+02
1.730000000000000000e+02
1.370000000000000000e+02
1.750000000000000000e+02
1.310000000000000000e+02
1.730000000000000000e+02
1.230000000000000000e+02
1.710000000000000000e+02
1.350000000000000000e+02
1.690000000000000000e+02
1.390000000000000000e+02
1.690000000000000000e+02
1.450000000000000000e+02
1.670000000000000000e+02
1.570000000000000000e+02
1.630000000000000000e+02
1.450000000000000000e+02
1.650000000000000000e+02
1.390000000000000000e+02
1.670000000000000000e+02
1.350000000000000000e+02
1.670000000000000000e+02
